46,0
45,6
45,5
45,4
45,3
45,2
45,1
45,0
44,3
44,2
44,1
44,0
43,6
43,5
43,4
43,3
43,2
43,1
43,0
42,3
42,2
42,1
42,0
41,6
41,5
41,4
41,3
41,2
41,1
41,0
40,6
40,5
40,4
40,3
40,2
40,1
40,0
39,6
39,5
39,4
39,3
39,2
39,1
39,0
38,3
38,2
38,1
38,0
37,3
37,2
37,1
37,0
36,3
36,2
36,1
36,0
35,3
35,2
35,1
35,0
34,3
34,2
34,1
34,0
33,3
33,2
33,1
33,0
32,3
32,2
32,1
32,0
31,3
31,2
31,1
31,0
30,3
30,2
30,1
30,0
29,4
29,3
29,2
29,1
29,0
28,5
28,4
28,3
28,2
28,1
28,0
27,5
27,4
27,3
27,2
27,1
27,0
26,3
26,2
26,1
26,0
25,3
25,2
25,1
25,0
24,3
24,2
24,1
24,0
23,3
23,2
23,1
23,0
22,3
22,2
22,1
22,0
21,6
21,5
21,4
21,3
21,2
21,1
21,0
20,6
20,5
20,4
20,3
20,2
20,1
20,0
19,9
19,8
19,7
19,6
19,5
19,4
19,3
19,2
19,1
19,0
18,4
18,3
18,2
18,1
18,0
17,3
17,2
17,1
17,0
16,3
16,2
16,1
16,0
15,15
15,14
15,13
15,12
15,11
15,10
15,9
15,8
15,7
15,6
15,5
15,4
15,3
15,2
15,1
15,0
14,3
14,2
14,1
14,0
13,16
13,15
13,14
13,12
13,11
13,10
13,9
13,8
13,7
13,6
13,5
13,4
13,3
13,2
13,1
13,0
12,4
12,3
12,2
12,1
12,0
11,4
11,3
11,2
11,1
11,0
10,3
10,2
10,1
10,0
9,3
9,2
9,1
9,0
8,3
8,2
8,1
8,0
7,3
5,12
5,11
5,10
5,9
5,8
5,7
5,6
5,5
5,4
5,3
5,2
5,0
4,3
3,2
3,0
2,2
2,0
1,2
1,0
0,53
0,52
0,51
0,9
0,2
0,0
46,1
46,2
47,0
47,1
47,3
47,4
48,1
48,3
48,4
49,0
49,1
49,3
50,0
50,1
50,3
50,4
50,6
50,7
50,9
51,1
51,2
52,0
52,1
52,3
53,1
53,2
53,4
53,5
54,1
54,2
55,0
55,2
55,3
56,1
56,2
56,4
56,6
56,7
56,9
56,10
56,12
56,13
56,15
56,17
56,18
56,20
56,21
56,23
57,1
57,2
57,4
57,5
58,0
58,2
58,3
59,1
59,2
60,0
60,1
60,3
60,5
60,6
61,1
61,2
62,0
62,2
62,3
63,1
63,2
64,0
64,1
64,3
65,0
65,1
65,3
65,4
65,6
66,1
66,2
66,4
66,5
67,0
67,1
67,3
68,1
68,2
68,4
68,5
69,0
69,2
69,3
69,5
69,6
70,1
70,3
70,4
71,1
71,2
71,4
71,5
72,1
72,3
72,4
73,1
73,2
73,4
74,0
74,1
74,3
75,0
75,2
75,3
77,1
77,3
78,0
78,2
78,3
78,5
79,0
79,1
79,3
79,4
80,0
80,1
80,3
81,1
81,2
81,4
82,0
82,2
83,0
83,1
83,3
84,0
84,2
84,3
85,1
85,3
86,0
86,2
86,3
87,1
87,3
88,0
88,2
88,3
89,1
89,3
90,0
90,2
90,3
91,1
91,2
91,4
91,6
92,0
92,2
92,3
93,1
93,3
93,4
94,1
94,2
94,4
95,0
95,2
96,0
96,1
96,3
97,0
97,2
98,0
98,1
98,3
99,0
99,2
99,3
100,1
100,3
100,4
100,6
101,0
101,2
102,0
102,1
102,3
103,0
103,2
104,0
104,1
104,3
105,0
105,2
105,3
106,1
106,3
107,0
107,2
107,3
108,1
108,3
109,0
109,2
109,3
110,1
110,2
111,0
111,2
111,3
112,1
112,2
112,4
113,1
113,2
115,0
115,1
115,3
115,4
116,1
116,3
116,4
117,1
117,2
117,4
117,6
118,0
118,2
118,3
118,5
118,6
119,1
119,3
119,4
119,6
119,5
119,2
119,0
118,4
118,1
117,5
117,3
117,0
116,2
116,0
115,2
113,3
113,0
112,3
112,0
111,1
110,3
110,0
109,1
108,2
108,0
107,1
106,2
106,0
105,1
104,2
103,3
103,1
102,2
101,3
101,1
100,5
100,2
100,0
99,1
98,2
97,3
97,1
96,2
95,3
95,1
94,3
94,0
93,2
93,0
92,1
91,5
91,3
91,0
90,1
89,2
89,0
88,1
87,2
87,0
86,1
85,2
85,0
84,1
83,2
82,3
82,1
81,3
81,0
80,2
79,5
79,2
78,6
78,4
78,1
77,2
77,0
75,1
74,2
73,5
73,3
73,0
72,2
72,0
71,3
71,0
70,2
70,0
69,4
69,1
68,6
68,3
68,0
67,2
66,6
66,3
66,0
65,5
65,2
64,4
64,2
63,3
63,0
62,1
61,3
61,0
60,4
60,2
59,3
59,0
58,1
57,6
57,3
57,0
56,22
56,19
56,16
56,14
56,11
56,8
56,5
56,3
56,0
55,1
54,3
54,0
53,3
53,0
52,2
51,3
51,0
50,8
50,5
50,2
49,4
49,2
48,5
48,2
48,0
47,2
46,3
1,45
3,44
2,44
1,44
3,43
2,43
1,43
3,42
2,42
1,42
3,41
2,41
1,41
3,40
2,40
1,40
3,39
2,39
1,39
3,38
2,38
1,38
3,37
2,37
1,37
3,36
2,36
1,36
3,35
2,35
1,35
3,34
2,34
1,34
3,33
2,33
1,33
3,32
2,32
1,32
3,31
2,31
1,31
3,30
2,30
1,30
3,29
2,29
1,29
3,28
2,28
1,28
3,27
2,27
1,27
3,26
2,26
1,26
3,25
2,25
1,25
3,24
2,24
1,24
3,23
2,23
1,23
3,22
2,22
1,22
3,21
2,21
1,21
3,20
2,20
1,20
3,19
2,19
1,19
3,18
2,18
1,18
3,17
2,17
1,17
3,16
2,16
1,16
3,15
2,15
1,15
3,14
2,14
1,14
3,13
2,13
1,13
3,12
2,12
1,12
3,11
2,11
1,11
3,10
2,10
1,10
3,9
2,9
1,9
3,8
2,8
1,8
3,7
2,7
1,7
3,6
2,6
1,6
3,5
2,5
1,5
3,4
2,4
1,4
3,3
2,3
1,3
0,6
0,5
0,47
0,46
0,49
0,48
0,45
0,12
0,50
0,10
0,8
0,54
0,11
0,7
0,4
0,3
